Status: current time = Sat Sep 28 20:47:51 2013 (UTC)

Process: command = ./pxspec -nspec 65536 -disp 0 
Process: start time = Sat Sep 28 20:44:53 2013 (UTC)

Parameter: nrun = 100000000
Parameter: nblock = 1280
Parameter: pport = 1
Parameter: run = 3
Parameter: duty_cycle = 34.296
Parameter: d1.mfreq = 200.000
Parameter: d1.fres = 12.207
Parameter: d1.temp =  0.000
Parameter: d1.adcmin = -0.286
Parameter: d1.adcmax =  0.284
Parameter: d1.numblk = 20480
Parameter: d1.nspec = 65536
Parameter: d1.disp = 0

Data:
Frequency, p0, p1, p2
   0.000, -199.000, -199.000, -199.000
   0.003, -199.000, -199.000, -199.000
   0.006, -199.000, -199.000, -199.000
   0.009, -199.000, -199.000, -199.000
   0.012, -199.000, -199.000, -199.000
   0.015, -199.000, -199.000, -199.000
   0.018, -199.000, -199.000, -199.000
   0.021, -199.000, -199.000, -199.000
   0.024, -199.000, -199.000, -199.000
   0.027, -199.000, -199.000, -199.000
   0.031, -106.541, -106.392, -106.414
   0.034, -107.031, -107.002, -106.986
   0.037, -107.874, -107.877, -107.866
   0.040, -108.314, -108.254, -108.279
   0.043, -108.294, -108.186, -108.299
   0.046, -108.272, -108.186, -108.292
   0.049, -108.341, -108.302, -108.316
   0.052, -108.355, -108.313, -108.268
   0.055, -108.539, -108.477, -108.471
   0.058, -108.712, -108.620, -108.674
   0.061, -108.605, -108.493, -108.572
   0.064, -108.231, -108.115, -108.221
   0.067, -107.924, -107.794, -107.927
   0.070, -107.261, -107.164, -107.233
   0.073, -103.927, -103.978, -103.902
   0.076, -101.933, -102.108, -102.151
   0.079, -104.232, -104.461, -104.587
   0.082, -107.743, -107.777, -107.878
   0.085, -108.228, -108.150, -108.235
   0.089, -107.258, -107.203, -107.190
   0.092, -106.969, -106.909, -106.934
   0.095, -107.658, -107.567, -107.665
   0.098, -107.462, -107.358, -107.429
   0.101, -107.918, -107.823, -107.865
   0.104, -107.631, -107.587, -107.588
   0.107, -107.191, -107.234, -107.171
   0.110, -107.166, -107.218, -107.222
   0.113, -107.019, -106.979, -107.103
   0.116, -105.666, -105.606, -105.796
   0.119, -103.915, -103.865, -103.890
   0.122, -104.824, -104.749, -104.707
   0.125, -105.564, -105.472, -105.505
   0.128, -102.775, -102.761, -102.664
   0.131, -101.593, -101.648, -101.683
   0.134, -104.402, -104.469, -104.601
   0.137, -107.231, -107.210, -107.249
   0.140, -107.356, -107.230, -107.278
   0.143, -107.184, -107.055, -107.105
   0.146, -106.952, -106.919, -106.902
   0.150, -106.372, -106.379, -106.354
   0.153, -106.618, -106.588, -106.588
   0.156, -106.992, -106.942, -106.940
   0.159, -106.802, -106.766, -106.699
   0.162, -106.264, -106.288, -106.227
   0.165, -106.094, -106.182, -106.149
   0.168, -105.396, -105.487, -105.473
   0.171, -101.928, -102.005, -102.021
   0.174, -100.116, -100.204, -100.188
   0.177, -102.304, -102.376, -102.316
   0.180, -104.983, -105.067, -105.020
   0.183, -105.251, -105.313, -105.346
   0.186, -105.324, -105.355, -105.424
   0.189, -105.376, -105.361, -105.483
   0.192, -105.280, -105.198, -105.288
   0.195, -105.253, -105.132, -105.147
   0.198, -105.103, -105.028, -105.017
   0.201, -104.615, -104.551, -104.550
   0.204, -104.245, -104.134, -104.183
   0.208, -104.350, -104.294, -104.339
   0.211, -104.186, -104.161, -104.244
   0.214, -102.351, -102.391, -102.507
   0.217, -100.723, -100.732, -100.733
   0.220, -101.755, -101.731, -101.626
   0.223, -102.885, -102.913, -102.889
   0.226, -101.557, -101.519, -101.462
   0.229, -100.821, -100.797, -100.788
   0.232, -102.505, -102.467, -102.525
   0.235, -103.688, -103.552, -103.599
   0.238, -103.693, -103.626, -103.685
   0.241, -103.621, -103.626, -103.668
   0.244, -103.664, -103.699, -103.629
   0.247, -103.619, -103.640, -103.565
   0.250, -103.519, -103.537, -103.509
   0.253, -103.377, -103.386, -103.412
   0.256, -103.180, -103.153, -103.118
   0.259, -102.974, -103.013, -102.913
   0.262, -103.021, -103.121, -103.062
   0.266, -103.032, -103.140, -103.112
   0.269, -102.316, -102.440, -102.420
   0.272, -101.815, -101.873, -101.868
   0.275, -102.476, -102.505, -102.500
   0.278, -102.890, -103.011, -102.993
   0.281, -102.938, -103.112, -103.050
   0.284, -102.981, -103.102, -103.089
   0.287, -102.948, -103.030, -103.058
   0.290, -102.406, -102.510, -102.494
   0.293, -101.473, -101.588, -101.562
   0.296,  -99.673,  -99.752,  -99.733
   0.299,  -99.286,  -99.354,  -99.304
   0.302, -101.571, -101.599, -101.546
   0.305, -102.841, -102.794, -102.814
   0.308, -102.886, -102.826, -102.912
   0.311, -102.600, -102.555, -102.646
   0.314, -102.211, -102.187, -102.254
   0.317, -102.237, -102.254, -102.279
   0.320, -102.170, -102.277, -102.241
   0.323, -101.552, -101.579, -101.540
   0.327, -101.205, -101.163, -101.240
   0.330, -101.980, -101.968, -102.086
   0.333, -102.314, -102.389, -102.381
   0.336, -102.450, -102.549, -102.493
   0.339, -102.554, -102.580, -102.598
   0.342, -102.223, -102.270, -102.272
   0.345, -101.492, -101.492, -101.474
   0.348, -101.642, -101.528, -101.506
   0.351, -102.370, -102.232, -102.315
   0.354, -102.444, -102.425, -102.547
   0.357, -102.385, -102.377, -102.445
   0.360, -102.370, -102.301, -102.327
   0.363, -102.335, -102.249, -102.258
   0.366, -101.858, -101.786, -101.801
   0.369, -101.397, -101.360, -101.388
   0.372, -101.946, -101.942, -101.929
   0.375, -102.187, -102.174, -102.208
   0.378, -101.949, -101.871, -101.920
   0.381, -102.175, -102.024, -101.915
   0.385, -102.361, -102.231, -101.686
   0.388, -102.407, -102.368, -102.010
   0.391, -102.486, -102.479, -102.497
   0.394, -102.545, -102.527, -102.587
   0.397, -102.534, -102.546, -102.519
   0.400, -102.434, -102.480, -102.450
   0.403, -102.469, -102.477, -102.508
   0.406, -102.537, -102.463, -102.511
   0.409, -102.485, -102.409, -102.464
   0.412, -102.361, -102.343, -102.406
   0.415, -102.219, -102.260, -102.278
   0.418, -102.059, -102.222, -102.136
   0.421, -101.442, -101.600, -101.456
   0.424, -101.137, -101.204, -101.142
   0.427, -101.928, -101.903, -101.932
   0.430, -102.357, -102.331, -102.337
   0.433, -102.382, -102.362, -102.367
   0.436, -102.371, -102.320, -102.359
   0.439, -102.227, -102.208, -102.266
   0.443, -101.981, -102.029, -102.083
   0.446, -101.926, -102.084, -102.117
   0.449, -101.772, -102.131, -101.984
   0.452, -101.901, -102.089, -101.970
   0.455, -102.028, -102.099, -102.041
   0.458, -102.131, -102.176, -102.182
   0.461, -102.069, -101.998, -102.110
   0.464, -101.082, -101.046, -101.147
   0.467, -100.371, -100.328, -100.375
   0.470, -101.249, -101.195, -101.249
   0.473, -101.871, -101.911, -101.985
   0.476, -101.784, -101.871, -101.904
   0.479, -101.853, -101.901, -101.971
   0.482, -102.261, -102.251, -102.315
   0.485, -102.475, -102.465, -102.409
   0.488, -102.461, -102.471, -102.367
   0.491, -102.421, -102.414, -102.351
   0.494, -102.205, -102.161, -102.175
   0.497, -101.962, -101.924, -101.967
   0.500, -102.122, -102.137, -102.177
   0.504, -102.254, -102.306, -102.358
   0.507, -102.242, -102.222, -102.338
   0.510, -102.133, -102.043, -102.161
   0.513, -102.011, -101.858, -101.963
   0.516, -101.645, -101.539, -101.608
   0.519,  -99.901,  -99.790,  -99.866
   0.522,  -99.118,  -99.037,  -99.105
   0.525, -100.812, -100.790, -100.747
   0.528, -102.092, -102.094, -102.021
   0.531, -102.261, -102.234, -102.255
   0.534, -102.329, -102.299, -102.361
   0.537, -102.261, -102.222, -102.302
   0.540, -102.035, -102.025, -102.075
   0.543, -102.097, -102.098, -102.188
   0.546, -102.203, -102.224, -102.305
   0.549, -102.133, -102.116, -102.173
   0.552, -102.084, -102.019, -102.056
   0.555, -102.217, -102.178, -102.148
   0.558, -102.041, -102.047, -102.010
   0.562, -100.708, -100.643, -100.744
   0.565,  -99.837,  -99.748,  -99.824
   0.568, -100.929, -100.879, -100.934
   0.571, -101.786, -101.833, -101.854
   0.574, -101.569, -101.746, -101.727
   0.577, -101.445, -101.710, -101.766
   0.580, -101.994, -102.124, -102.176
   0.583, -102.282, -102.269, -102.295
   0.586, -102.306, -102.291, -102.298
   0.589, -102.345, -102.353, -102.338
   0.592, -102.069, -102.134, -102.124
   0.595, -101.817, -101.874, -101.827
   0.598, -102.001, -102.019, -102.006
   0.601, -102.236, -102.263, -102.316
   0.604, -102.184, -102.184, -102.247
   0.607, -102.004, -102.022, -102.092
   0.610, -102.130, -102.183, -102.215
   0.613, -102.220, -102.281, -102.221
   0.616, -101.938, -102.021, -101.944
   0.620, -101.791, -101.921, -101.840
   0.623, -102.082, -102.206, -102.135
   0.626, -102.230, -102.220, -102.223
   0.629, -102.330, -102.263, -102.224
   0.632, -102.366, -102.339, -102.269
   0.635, -102.369, -102.358, -102.331
   0.638, -102.369, -102.363, -102.378
   0.641, -102.345, -102.332, -102.353
   0.644, -102.332, -102.345, -102.371
   0.647, -102.293, -102.375, -102.344
   0.650, -102.222, -102.313, -102.227
   0.653, -102.272, -102.289, -102.239
   0.656, -102.310, -102.296, -102.336
   0.659, -102.166, -102.245, -102.304
   0.662, -102.055, -102.149, -102.219
   0.665, -101.046, -101.056, -101.101
   0.668,  -96.151,  -96.092,  -96.138
   0.671,  -93.904,  -93.843,  -93.893
   0.674,  -96.990,  -96.954,  -97.000
   0.677, -101.616, -101.697, -101.716
   0.681, -102.292, -102.344, -102.368
   0.684, -102.329, -102.353, -102.373
   0.687, -102.366, -102.365, -102.395
   0.690, -102.296, -102.265, -102.266
   0.693, -102.187, -102.220, -102.184
   0.696, -102.208, -102.310, -102.266
   0.699, -102.266, -102.355, -102.340
   0.702, -102.130, -101.984, -102.086
   0.705, -101.934, -101.376, -101.663
   0.708, -102.093, -101.661, -101.905
   0.711, -102.232, -102.192, -102.267
   0.714, -102.020, -102.110, -102.163
   0.717, -101.965, -102.001, -102.055
   0.720, -102.203, -102.234, -102.194
   0.723, -102.279, -102.338, -102.234
   0.726, -102.354, -102.379, -102.330
   0.729, -102.467, -102.459, -102.420
   0.732, -102.494, -102.406, -102.420
   0.735, -102.433, -102.380, -102.369
   0.739, -102.390, -102.421, -102.360
   0.742, -102.367, -102.416, -102.384
   0.745, -102.287, -102.325, -102.313
   0.748, -102.203, -102.189, -102.206
   0.751, -102.261, -102.242, -102.270
   0.754, -102.338, -102.311, -102.354
   0.757, -102.356, -102.301, -102.337
   0.760, -102.334, -102.324, -102.282
   0.763, -102.282, -102.329, -102.277
   0.766, -102.030, -101.608, -101.756
   0.769, -101.633, -100.148, -100.620
   0.772, -101.854, -100.645, -101.037
   0.775, -102.261, -102.087, -102.162
   0.778, -102.399, -102.397, -102.460
   0.781, -102.432, -102.378, -102.512
   0.784, -102.437, -102.354, -102.401
   0.787, -102.338, -102.221, -102.221
   0.790, -102.255, -102.059, -102.074
   0.793, -102.337, -102.148, -102.171
   0.797, -102.328, -102.245, -102.303
   0.800, -102.126, -102.111, -102.182
   0.803, -102.030, -102.017, -102.061
   0.806, -102.227, -102.177, -102.196
   0.809, -102.118, -102.094, -102.123
   0.812, -101.266, -101.233, -101.329
   0.815, -100.919, -100.867, -100.937
   0.818, -101.718, -101.653, -101.665
   0.821, -102.061, -102.047, -102.085
   0.824, -101.976, -102.046, -102.106
   0.827, -102.069, -102.063, -102.125
   0.830, -101.949, -100.463, -100.884
   0.833, -101.273,  -97.920,  -98.644
   0.836, -101.634,  -98.779,  -99.403
   0.839, -102.247, -101.591, -101.809
   0.842, -102.151, -102.127, -102.211
   0.845, -102.028, -101.994, -102.108
   0.848, -102.256, -102.192, -102.336
   0.851, -102.387, -102.315, -102.414
   0.854, -102.297, -102.250, -102.279
   0.858, -102.201, -102.141, -102.164
   0.861, -102.261, -102.224, -102.281
   0.864, -102.156, -102.205, -102.265
   0.867, -101.662, -101.846, -101.813
   0.870, -101.608, -101.765, -101.710
   0.873, -102.108, -102.172, -102.116
   0.876, -102.251, -102.286, -102.234
   0.879, -102.229, -102.366, -102.311
   0.882, -102.259, -102.439, -102.416
   0.885, -102.221, -102.292, -102.316
   0.888, -102.147, -102.154, -102.116
   0.891, -102.210, -102.103, -102.095
   0.894, -101.411, -100.773, -100.838
   0.897,  -99.911,  -98.380,  -98.495
   0.900, -100.446,  -98.967,  -99.092
   0.903, -101.942, -101.554, -101.612
   0.906, -102.088, -102.151, -102.110
   0.909, -101.119, -101.171, -101.140
   0.912, -100.710, -100.684, -100.713
   0.916, -101.555, -101.574, -101.612
   0.919, -101.989, -102.092, -102.099
   0.922, -102.022, -102.079, -102.038
   0.925, -102.098, -102.140, -102.120
   0.928, -102.244, -102.313, -102.348
   0.931, -102.332, -102.360, -102.413
   0.934, -102.439, -102.386, -102.409
   0.937, -102.436, -102.427, -102.367
   0.940, -102.374, -102.378, -102.312
   0.943, -102.333, -102.286, -102.314
   0.946, -102.377, -102.324, -102.390
   0.949, -102.408, -102.364, -102.398
   0.952, -102.256, -102.245, -102.243
   0.955, -102.092, -102.132, -102.098
   0.958, -101.769, -101.689, -101.575
   0.961, -100.900, -100.452, -100.150
   0.964, -101.281, -100.762, -100.510
   0.967, -102.150, -101.980, -101.996
   0.970, -102.349, -102.317, -102.419
   0.974, -102.419, -102.374, -102.417
   0.977, -102.477, -102.421, -102.405
   0.980, -102.443, -102.440, -102.400
   0.983, -102.370, -102.409, -102.397
   0.986, -102.356, -102.346, -102.425
   0.989, -102.358, -102.352, -102.431
   0.992, -102.340, -102.355, -102.430
   0.995, -102.314, -102.323, -102.366
   0.998, -102.287, -102.336, -102.310
   1.001, -102.379, -102.420, -102.380
   1.004, -102.396, -102.369, -102.373
   1.007, -102.305, -102.293, -102.318
   1.010, -102.265, -102.310, -102.287
   1.013, -102.297, -102.364, -102.332
   1.016, -102.323, -102.347, -102.284
   1.019, -102.327, -102.343, -102.174
   1.022, -102.207, -102.292, -102.096
   1.025, -102.034, -102.154, -102.064
   1.028, -102.158, -102.232, -102.250
   1.031, -102.346, -102.394, -102.415
   1.035, -102.400, -102.444, -102.399
   1.038, -102.388, -102.420, -102.373
   1.041, -102.369, -102.373, -102.355
   1.044, -102.355, -102.359, -102.361
   1.047, -102.331, -102.310, -102.365
   1.050, -102.261, -102.268, -102.324
   1.053, -102.234, -102.265, -102.247
   1.056, -102.301, -102.329, -102.309
   1.059, -102.336, -102.365, -102.358
   1.062, -102.363, -102.394, -102.364
   1.065, -102.363, -102.357, -102.338
   1.068, -102.355, -102.305, -102.338
   1.071, -102.319, -102.315, -102.333
   1.074, -102.287, -102.355, -102.308
   1.077, -102.286, -102.401, -102.348
   1.080, -102.310, -102.397, -102.362
   1.083, -102.310, -102.368, -102.328
   1.086, -102.265, -102.318, -102.285
   1.089, -102.229, -102.292, -102.257
   1.093, -102.144, -102.235, -102.202
   1.096, -102.122, -102.175, -102.143
   1.099, -102.266, -102.242, -102.227
   1.102, -102.308, -102.341, -102.277
   1.105, -102.254, -102.356, -102.253
   1.108, -102.237, -102.318, -102.228
   1.111, -102.240, -102.325, -102.207
   1.114, -102.257, -102.317, -102.174
   1.117, -102.250, -102.301, -102.167
   1.120, -102.282, -102.308, -102.192
   1.123, -102.293, -102.295, -102.226
   1.126, -102.308, -102.235, -102.242
   1.129, -102.281, -102.274, -102.272
   1.132, -102.197, -102.339, -102.257
   1.135, -102.039, -102.203, -102.162
   1.138, -101.967, -102.006, -102.019
   1.141, -102.131, -102.091, -102.087
   1.144, -102.173, -102.208, -102.122
   1.147, -102.119, -102.170, -102.050
   1.151, -102.087, -102.105, -102.070
   1.154, -102.123, -102.146, -102.175
   1.157, -102.079, -102.090, -102.161
   1.160, -101.839, -101.879, -102.006
   1.163, -101.767, -101.835, -101.930
   1.166, -101.887, -102.014, -101.977
   1.169, -101.901, -102.031, -101.973
   1.172, -101.961, -101.993, -101.986
   1.175, -102.031, -102.073, -101.986
   1.178, -102.007, -102.112, -101.994
   1.181, -101.967, -102.024, -101.973
   1.184, -101.963, -101.970, -101.920
   1.187, -101.912, -101.917, -101.866
   1.190, -101.707, -101.715, -101.665
   1.193, -101.573, -101.622, -101.515
   1.196, -101.720, -101.789, -101.666
   1.199, -101.829, -101.789, -101.754
   1.202, -101.736, -101.625, -101.698
   1.205, -101.558, -101.533, -101.625
   1.208, -101.595, -101.622, -101.691
   1.212, -101.592, -101.626, -101.617
   1.215, -101.388, -101.423, -101.360
   1.218, -101.248, -101.354, -101.347
   1.221, -101.320, -101.465, -101.470
   1.224, -101.383, -101.437, -101.443
   1.227, -101.380, -101.392, -101.322
   1.230, -101.273, -101.350, -101.258
   1.233, -100.997, -101.191, -101.146
   1.236, -100.844, -101.025, -100.959
   1.239, -100.908, -101.008, -100.967
   1.242, -100.912, -100.920, -100.983
   1.245, -100.793, -100.809, -100.855
   1.248, -100.661, -100.742, -100.785
   1.251, -100.600, -100.679, -100.765
   1.254, -100.456, -100.444, -100.634
   1.257, -100.183, -100.144, -100.331
   1.260, -100.055, -100.016, -100.108
   1.263, -100.058, -100.031, -100.067
   1.266,  -99.934,  -99.908,  -99.952
   1.270,  -99.759,  -99.746,  -99.800
   1.273,  -99.666,  -99.684,  -99.762
   1.276,  -99.583,  -99.557,  -99.669
   1.279,  -99.416,  -99.381,  -99.468
   1.282,  -99.249,  -99.264,  -99.338
   1.285,  -99.123,  -99.131,  -99.183
   1.288,  -98.986,  -98.916,  -98.983
   1.291,  -98.780,  -98.719,  -98.819
   1.294,  -98.535,  -98.598,  -98.721
   1.297,  -98.343,  -98.460,  -98.612
   1.300,  -98.153,  -98.278,  -98.404
   1.303,  -98.009,  -98.106,  -98.167
   1.306,  -97.958,  -98.024,  -98.046
   1.309,  -97.857,  -97.956,  -97.966
   1.312,  -97.724,  -97.869,  -97.859
   1.315,  -97.649,  -97.801,  -97.784
   1.318,  -97.616,  -97.761,  -97.800
   1.321,  -97.573,  -97.675,  -97.761
   1.324,  -97.538,  -97.569,  -97.680
   1.328,  -97.524,  -97.495,  -97.593
   1.331,  -97.494,  -97.478,  -97.556
   1.334,  -97.499,  -97.503,  -97.580
   1.337,  -97.424,  -97.457,  -97.517
   1.340,  -96.858,  -96.796,  -96.930
   1.343,  -96.424,  -96.326,  -96.520
   1.346,  -97.137,  -97.091,  -97.270
   1.349,  -97.640,  -97.610,  -97.797
   1.352,  -97.736,  -97.765,  -97.870
   1.355,  -97.818,  -97.876,  -97.871
   1.358,  -97.899,  -97.931,  -97.940
   1.361,  -97.962,  -97.973,  -98.012
   1.364,  -98.052,  -98.032,  -98.082
   1.367,  -98.111,  -98.145,  -98.156
   1.370,  -98.098,  -98.234,  -98.214
   1.373,  -98.165,  -98.293,  -98.264
   1.376,  -98.264,  -98.306,  -98.333
   1.379,  -98.342,  -98.368,  -98.424
   1.382,  -98.346,  -98.461,  -98.505
   1.385,  -98.448,  -98.515,  -98.616
   1.389,  -98.595,  -98.561,  -98.699
   1.392,  -98.636,  -98.657,  -98.758
   1.395,  -98.705,  -98.709,  -98.835
   1.398,  -98.790,  -98.733,  -98.911
   1.401,  -98.829,  -98.801,  -98.904
   1.404,  -98.947,  -98.891,  -98.943
   1.407,  -99.016,  -98.901,  -99.053
   1.410,  -99.018,  -98.921,  -99.122
   1.413,  -99.079,  -99.021,  -99.154
   1.416,  -99.175,  -99.116,  -99.223
   1.419,  -99.251,  -99.178,  -99.282
   1.422,  -99.307,  -99.260,  -99.313
   1.425,  -99.382,  -99.323,  -99.301
   1.428,  -99.415,  -99.389,  -99.396
   1.431,  -99.405,  -99.441,  -99.517
   1.434,  -99.420,  -99.478,  -99.552
   1.437,  -99.492,  -99.506,  -99.520
   1.440,  -99.529,  -99.471,  -99.456
   1.443,  -99.515,  -99.466,  -99.507
   1.447,  -99.559,  -99.541,  -99.648
   1.450,  -99.643,  -99.615,  -99.694
   1.453,  -99.674,  -99.669,  -99.699
   1.456,  -99.646,  -99.720,  -99.703
   1.459,  -99.715,  -99.768,  -99.735
   1.462,  -99.797,  -99.786,  -99.796
   1.465,  -99.836,  -99.818,  -99.848
   1.468,  -99.860,  -99.909,  -99.867
   1.471,  -99.807,  -99.928,  -99.867
   1.474,  -99.826,  -99.867,  -99.839
   1.477,  -99.926,  -99.886,  -99.873
   1.480,  -99.952,  -99.882,  -99.944
   1.483,  -99.843,  -99.802,  -99.908
   1.486,  -99.785,  -99.815,  -99.863
   1.489,  -99.849,  -99.911,  -99.934
   1.492,  -99.893, -100.011,  -99.993
   1.495,  -99.896, -100.016,  -99.968
   1.498,  -99.930, -100.003,  -99.931
   1.501,  -99.998, -100.026,  -99.974
   1.505, -100.056, -100.035, -100.017
   1.508, -100.042, -100.029, -100.018
   1.511, -100.005,  -99.988, -100.049
   1.514, -100.013, -100.036, -100.052
   1.517, -100.002, -100.115, -100.028
   1.520, -100.019, -100.130, -100.058
   1.523, -100.092, -100.095, -100.080
   1.526, -100.124, -100.056, -100.099
   1.529, -100.112, -100.072, -100.150
   1.532, -100.161, -100.143, -100.196
   1.535, -100.186, -100.164, -100.204
   1.538, -100.150, -100.100, -100.144
   1.541, -100.139, -100.089, -100.125
   1.544, -100.131, -100.164, -100.154
   1.547, -100.104, -100.201, -100.212
   1.550, -100.088, -100.163, -100.267
   1.553, -100.115, -100.156, -100.283
   1.556, -100.136, -100.193, -100.260
   1.559, -100.129, -100.204, -100.224
   1.562, -100.141, -100.163, -100.208
   1.566, -100.221, -100.189, -100.208
   1.569, -100.226, -100.236, -100.225
   1.572, -100.174, -100.203, -100.238
   1.575, -100.153, -100.186, -100.252
   1.578, -100.190, -100.204, -100.269
   1.581, -100.180, -100.143, -100.240
   1.584, -100.136, -100.103, -100.218
   1.587, -100.164, -100.175, -100.248
   1.590, -100.092, -100.170, -100.249
   1.593, -100.104, -100.183, -100.220
   1.596, -100.182, -100.201, -100.201
   1.599, -100.223, -100.179, -100.236
   1.602, -100.206, -100.193, -100.262
   1.605, -100.195, -100.156, -100.230
   1.608, -100.208, -100.137, -100.213
   1.611, -100.218, -100.162, -100.223
   1.614, -100.155, -100.172, -100.222
   1.617, -100.099, -100.191, -100.196
   1.620, -100.132, -100.190, -100.176
   1.624, -100.147, -100.164, -100.138
   1.627, -100.179, -100.187, -100.105
   1.630, -100.218, -100.194, -100.172
   1.633, -100.197, -100.138, -100.231
   1.636, -100.165, -100.103, -100.209
   1.639, -100.079, -100.176, -100.165
   1.642, -100.002, -100.226, -100.178
   1.645, -100.001, -100.205, -100.173
   1.648, -100.054, -100.147, -100.177
   1.651, -100.123, -100.124, -100.175
   1.654, -100.139, -100.132, -100.153
   1.657, -100.115, -100.129, -100.100
   1.660, -100.085, -100.106, -100.086
   1.663, -100.095, -100.053, -100.140
   1.666, -100.080, -100.029, -100.151
   1.669, -100.091, -100.078, -100.117
   1.672, -100.139, -100.128, -100.093
   1.675, -100.124, -100.092, -100.041
   1.678, -100.063, -100.065, -100.021
   1.682, -100.076, -100.034, -100.020
   1.685, -100.104, -100.040, -100.036
   1.688, -100.059, -100.001, -100.062
   1.691, -100.003,  -99.961, -100.030
   1.694,  -99.982,  -99.943,  -99.985
   1.697, -100.003,  -99.990,  -99.953
   1.700, -100.007, -100.040,  -99.940
   1.703,  -99.951, -100.005,  -99.969
   1.706,  -99.932, -100.015,  -99.999
   1.709,  -99.945, -100.003, -100.037
   1.712,  -99.950,  -99.931, -100.043
   1.715,  -99.967,  -99.967, -100.017
   1.718,  -99.918, -100.011,  -99.987
   1.721,  -99.906,  -99.955,  -99.971
   1.724,  -99.893,  -99.931,  -99.955
   1.727,  -99.879,  -99.932,  -99.961
   1.730,  -99.882,  -99.930,  -99.954
   1.733,  -99.841,  -99.907,  -99.854
   1.736,  -99.837,  -99.826,  -99.815
   1.740,  -99.794,  -99.767,  -99.859
   1.743,  -99.753,  -99.715,  -99.857
   1.746,  -99.767,  -99.728,  -99.855
   1.749,  -99.758,  -99.756,  -99.874
   1.752,  -99.739,  -99.715,  -99.837
   1.755,  -99.764,  -99.695,  -99.779
   1.758,  -99.785,  -99.699,  -99.787
   1.761,  -99.791,  -99.659,  -99.779
   1.764,  -99.786,  -99.662,  -99.754
   1.767,  -99.719,  -99.675,  -99.756
   1.770,  -99.658,  -99.650,  -99.747
   1.773,  -99.612,  -99.627,  -99.659
   1.776,  -99.562,  -99.601,  -99.590
   1.779,  -99.529,  -99.564,  -99.577
   1.782,  -99.521,  -99.542,  -99.611
   1.785,  -99.487,  -99.510,  -99.558
   1.788,  -99.438,  -99.470,  -99.491
   1.791,  -99.414,  -99.507,  -99.440
   1.794,  -99.299,  -99.424,  -99.343
   1.797,  -99.266,  -99.363,  -99.385
   1.801,  -99.396,  -99.448,  -99.510
   1.804,  -99.429,  -99.455,  -99.489
   1.807,  -99.393,  -99.341,  -99.405
   1.810,  -99.376,  -99.266,  -99.399
   1.813,  -99.359,  -99.286,  -99.404
   1.816,  -99.312,  -99.299,  -99.384
   1.819,  -99.274,  -99.276,  -99.333
   1.822,  -99.294,  -99.240,  -99.281
   1.825,  -99.280,  -99.233,  -99.225
   1.828,  -99.267,  -99.176,  -99.177
   1.831,  -99.211,  -99.114,  -99.179
   1.834,  -99.130,  -99.078,  -99.206
   1.837,  -99.120,  -99.080,  -99.203
   1.840,  -99.065,  -99.150,  -99.165
   1.843,  -99.021,  -99.109,  -99.119
   1.846,  -99.074,  -99.078,  -99.097
   1.849,  -99.084,  -99.109,  -99.100
   1.852,  -98.996,  -99.086,  -99.089
   1.855,  -98.962,  -99.015,  -99.088
   1.859,  -98.933,  -98.974,  -99.084
   1.862,  -98.901,  -98.954,  -99.016
   1.865,  -98.882,  -98.932,  -99.003
   1.868,  -98.869,  -98.898,  -98.981
   1.871,  -98.863,  -98.800,  -98.867
   1.874,  -98.840,  -98.760,  -98.807
   1.877,  -98.777,  -98.815,  -98.818
   1.880,  -98.710,  -98.864,  -98.783
   1.883,  -98.680,  -98.838,  -98.731
   1.886,  -98.653,  -98.749,  -98.714
   1.889,  -98.622,  -98.692,  -98.704
   1.892,  -98.630,  -98.661,  -98.664
   1.895,  -98.592,  -98.566,  -98.644
   1.898,  -98.590,  -98.555,  -98.673
   1.901,  -98.603,  -98.598,  -98.673
   1.904,  -98.557,  -98.587,  -98.590
   1.907,  -98.491,  -98.528,  -98.515
   1.910,  -98.451,  -98.484,  -98.473
   1.913,  -98.433,  -98.436,  -98.449
   1.917,  -98.390,  -98.374,  -98.410
   1.920,  -98.312,  -98.348,  -98.329
   1.923,  -98.255,  -98.394,  -98.303
   1.926,  -98.229,  -98.409,  -98.332
   1.929,  -98.222,  -98.301,  -98.313
   1.932,  -98.267,  -98.195,  -98.229
   1.935,  -98.210,  -98.182,  -98.174
   1.938,  -98.095,  -98.202,  -98.136
   1.941,  -98.057,  -98.210,  -98.104
   1.944,  -98.070,  -98.146,  -98.075
   1.947,  -98.001,  -98.035,  -98.033
   1.950,  -97.917,  -97.964,  -98.008
   1.953,  -97.901,  -97.963,  -97.992
   1.956,  -97.947,  -97.984,  -97.954
   1.959,  -97.924,  -97.936,  -97.914
   1.962,  -97.849,  -97.862,  -97.895
   1.965,  -97.853,  -97.772,  -97.866
   1.968,  -97.870,  -97.677,  -97.787
   1.971,  -97.763,  -97.657,  -97.726
   1.974,  -97.698,  -97.655,  -97.732
   1.978,  -97.650,  -97.657,  -97.710
   1.981,  -97.616,  -97.604,  -97.647
   1.984,  -97.637,  -97.564,  -97.582
   1.987,  -97.607,  -97.574,  -97.531
   1.990,  -97.526,  -97.555,  -97.487
   1.993,  -97.432,  -97.481,  -97.388
   1.996,  -97.393,  -97.423,  -97.346
   1.999,  -97.384,  -97.352,  -97.373
   2.002,  -97.301,  -97.321,  -97.375
   2.005,  -97.232,  -97.307,  -97.317
   2.008,  -97.171,  -97.248,  -97.261
   2.011,  -97.064,  -97.203,  -97.222
   2.014,  -97.045,  -97.138,  -97.179
   2.017,  -97.051,  -97.092,  -97.156
   2.020,  -97.004,  -97.047,  -97.088
   2.023,  -96.980,  -96.973,  -97.018
   2.026,  -96.915,  -96.907,  -96.968
   2.029,  -96.838,  -96.844,  -96.889
   2.032,  -96.831,  -96.760,  -96.829
   2.036,  -96.789,  -96.671,  -96.819
   2.039,  -96.732,  -96.613,  -96.743
   2.042,  -96.677,  -96.608,  -96.661
   2.045,  -96.605,  -96.654,  -96.658
   2.048,  -96.582,  -96.635,  -96.600
   2.051,  -96.537,  -96.570,  -96.534
   2.054,  -96.432,  -96.500,  -96.513
   2.057,  -96.402,  -96.453,  -96.439
   2.060,  -96.409,  -96.454,  -96.361
   2.063,  -96.386,  -96.357,  -96.298
   2.066,  -96.296,  -96.262,  -96.258
   2.069,  -96.176,  -96.211,  -96.207
   2.072,  -96.080,  -96.145,  -96.165
   2.075,  -96.060,  -96.117,  -96.135
   2.078,  -96.044,  -96.080,  -96.092
   2.081,  -95.978,  -95.955,  -96.109
   2.084,  -95.926,  -95.872,  -96.057
   2.087,  -95.856,  -95.892,  -95.948
   2.090,  -95.806,  -95.863,  -95.846
   2.094,  -95.738,  -95.765,  -95.798
   2.097,  -95.650,  -95.690,  -95.758
   2.100,  -95.686,  -95.649,  -95.699
   2.103,  -95.649,  -95.585,  -95.635
   2.106,  -95.554,  -95.520,  -95.549
   2.109,  -95.505,  -95.486,  -95.465
   2.112,  -95.469,  -95.457,  -95.417
   2.115,  -95.326,  -95.406,  -95.355
   2.118,  -95.263,  -95.331,  -95.313
   2.121,  -95.241,  -95.277,  -95.290
   2.124,  -95.193,  -95.235,  -95.258
   2.127,  -95.147,  -95.147,  -95.199
   2.130,  -95.092,  -95.049,  -95.098
   2.133,  -95.038,  -94.973,  -95.060
   2.136,  -94.965,  -94.945,  -95.032
   2.139,  -94.908,  -94.940,  -94.889
   2.142,  -94.812,  -94.905,  -94.828
   2.145,  -94.781,  -94.811,  -94.793
   2.148,  -94.758,  -94.735,  -94.756
   2.151,  -94.673,  -94.698,  -94.674
   2.155,  -94.579,  -94.596,  -94.583
   2.158,  -94.517,  -94.490,  -94.551
   2.161,  -94.424,  -94.467,  -94.491
   2.164,  -94.349,  -94.463,  -94.401
   2.167,  -94.334,  -94.433,  -94.332
   2.170,  -94.284,  -94.331,  -94.232
   2.173,  -94.195,  -94.251,  -94.162
   2.176,  -94.123,  -94.178,  -94.133
   2.179,  -94.043,  -94.092,  -94.116
   2.182,  -93.997,  -94.048,  -94.079
   2.185,  -93.917,  -94.047,  -94.045
   2.188,  -93.854,  -93.947,  -94.028
   2.191,  -93.820,  -93.821,  -93.883
   2.194,  -93.767,  -93.741,  -93.718
   2.197,  -93.645,  -93.675,  -93.677
   2.200,  -93.533,  -93.646,  -93.676
   2.203,  -93.450,  -93.574,  -93.600
   2.206,  -93.385,  -93.466,  -93.498
   2.209,  -93.378,  -93.373,  -93.371
   2.213,  -93.347,  -93.325,  -93.261
   2.216,  -93.228,  -93.222,  -93.246
   2.219,  -93.142,  -93.155,  -93.189
   2.222,  -93.058,  -93.123,  -93.098
   2.225,  -92.985,  -93.041,  -93.022
   2.228,  -92.935,  -92.938,  -92.930
   2.231,  -92.864,  -92.867,  -92.835
   2.234,  -92.785,  -92.765,  -92.790
   2.237,  -92.725,  -92.647,  -92.717
   2.240,  -92.645,  -92.603,  -92.610
   2.243,  -92.506,  -92.571,  -92.561
   2.246,  -92.391,  -92.470,  -92.480
   2.249,  -92.268,  -92.362,  -92.360
   2.252,  -92.164,  -92.258,  -92.305
   2.255,  -92.138,  -92.166,  -92.286
   2.258,  -92.040,  -92.155,  -92.249
   2.261,  -91.921,  -92.098,  -92.168
   2.264,  -91.930,  -91.947,  -92.058
   2.267,  -91.931,  -91.857,  -91.924
   2.271,  -91.833,  -91.795,  -91.821
   2.274,  -91.706,  -91.751,  -91.741
   2.277,  -91.629,  -91.692,  -91.617
   2.280,  -91.567,  -91.589,  -91.557
   2.283,  -91.391,  -91.515,  -91.499
   2.286,  -91.237,  -91.454,  -91.368
   2.289,  -91.216,  -91.372,  -91.351
   2.292,  -91.197,  -91.200,  -91.308
   2.295,  -91.094,  -91.076,  -91.167
   2.298,  -90.991,  -91.068,  -91.080
   2.301,  -90.919,  -90.974,  -91.028
   2.304,  -90.808,  -90.843,  -90.946
   2.307,  -90.677,  -90.713,  -90.873
   2.310,  -90.598,  -90.616,  -90.764
   2.313,  -90.547,  -90.529,  -90.605
   2.316,  -90.450,  -90.474,  -90.497
   2.319,  -90.383,  -90.435,  -90.370
   2.322,  -90.309,  -90.333,  -90.251
   2.325,  -90.160,  -90.217,  -90.178
   2.328,  -90.044,  -90.069,  -90.098
   2.332,  -89.971,  -89.933,  -90.020
   2.335,  -89.893,  -89.852,  -89.937
   2.338,  -89.797,  -89.793,  -89.811
   2.341,  -89.708,  -89.677,  -89.695
   2.344,  -89.608,  -89.524,  -89.611
   2.347,  -89.467,  -89.443,  -89.488
   2.350,  -89.360,  -89.365,  -89.375
   2.353,  -89.285,  -89.292,  -89.279
   2.356,  -89.169,  -89.230,  -89.228
   2.359,  -89.061,  -89.132,  -89.185
   2.362,  -88.977,  -88.989,  -89.128
   2.365,  -88.843,  -88.831,  -88.998
   2.368,  -88.763,  -88.736,  -88.862
   2.371,  -88.715,  -88.659,  -88.779
   2.374,  -88.630,  -88.609,  -88.664
   2.377,  -88.499,  -88.547,  -88.544
   2.380,  -88.304,  -88.420,  -88.423
   2.383,  -88.146,  -88.308,  -88.251
   2.386,  -88.071,  -88.206,  -88.057
   2.390,  -87.963,  -88.119,  -87.944
   2.393,  -87.830,  -88.054,  -87.934
   2.396,  -87.732,  -87.927,  -87.940
   2.399,  -87.698,  -87.742,  -87.820
   2.402,  -87.590,  -87.597,  -87.702
   2.405,  -87.457,  -87.492,  -87.582
   2.408,  -87.401,  -87.389,  -87.437
   2.411,  -87.288,  -87.233,  -87.298
   2.414,  -87.111,  -87.063,  -87.186
   2.417,  -86.986,  -86.944,  -87.127
   2.420,  -86.840,  -86.863,  -86.969
   2.423,  -86.705,  -86.772,  -86.829
   2.426,  -86.624,  -86.641,  -86.757
   2.429,  -86.539,  -86.556,  -86.665
   2.432,  -86.435,  -86.502,  -86.535
   2.435,  -86.300,  -86.375,  -86.381
   2.438,  -86.163,  -86.242,  -86.268
   2.441,  -86.015,  -86.125,  -86.145
   2.444,  -85.882,  -85.951,  -85.999
   2.448,  -85.795,  -85.853,  -85.850
   2.451,  -85.721,  -85.784,  -85.742
   2.454,  -85.578,  -85.616,  -85.669
   2.457,  -85.408,  -85.433,  -85.559
   2.460,  -85.247,  -85.320,  -85.429
   2.463,  -85.132,  -85.222,  -85.327
   2.466,  -84.969,  -85.062,  -85.209
   2.469,  -84.838,  -84.896,  -85.059
   2.472,  -84.800,  -84.736,  -84.869
   2.475,  -84.711,  -84.651,  -84.752
   2.478,  -84.554,  -84.576,  -84.648
   2.481,  -84.371,  -84.466,  -84.468
   2.484,  -84.266,  -84.412,  -84.316
   2.487,  -84.213,  -84.292,  -84.255
   2.490,  -84.106,  -84.128,  -84.160
   2.493,  -83.939,  -83.960,  -84.008
   2.496,  -83.763,  -83.816,  -83.871
   2.499,  -83.651,  -83.697,  -83.743
   2.502,  -83.538,  -83.545,  -83.582
   2.505,  -83.362,  -83.407,  -83.434
   2.509,  -83.211,  -83.246,  -83.271
   2.512,  -83.074,  -83.122,  -83.127
   2.515,  -82.930,  -82.992,  -83.029
   2.518,  -82.795,  -82.857,  -82.890
   2.521,  -82.697,  -82.712,  -82.721
   2.524,  -82.617,  -82.577,  -82.541
   2.527,  -82.484,  -82.473,  -82.387
   2.530,  -82.294,  -82.332,  -82.292
   2.533,  -82.110,  -82.197,  -82.175
   2.536,  -81.999,  -82.090,  -82.063
   2.539,  -81.881,  -81.915,  -81.921
   2.542,  -81.734,  -81.705,  -81.771
   2.545,  -81.569,  -81.602,  -81.603
   2.548,  -81.421,  -81.510,  -81.485
   2.551,  -81.289,  -81.416,  -81.342
   2.554,  -81.123,  -81.257,  -81.168
   2.557,  -80.981,  -81.068,  -81.047
   2.560,  -80.878,  -80.895,  -80.970
   2.563,  -80.791,  -80.760,  -80.839
   2.567,  -80.648,  -80.635,  -80.729
   2.570,  -80.460,  -80.468,  -80.609
   2.573,  -80.279,  -80.361,  -80.463
   2.576,  -80.131,  -80.241,  -80.326
   2.579,  -79.963,  -80.059,  -80.198
   2.582,  -79.836,  -79.945,  -80.047
   2.585,  -79.747,  -79.823,  -79.851
   2.588,  -79.613,  -79.606,  -79.667
   2.591,  -79.477,  -79.454,  -79.554
   2.594,  -79.324,  -79.369,  -79.411
   2.597,  -79.186,  -79.251,  -79.263
   2.600,  -79.070,  -79.142,  -79.121
   2.603,  -78.906,  -78.996,  -78.977
   2.606,  -78.754,  -78.864,  -78.836
   2.609,  -78.633,  -78.763,  -78.721
   2.612,  -78.503,  -78.665,  -78.594
   2.615,  -78.361,  -78.507,  -78.449
   2.618,  -78.251,  -78.389,  -78.366
   2.621,  -78.139,  -78.310,  -78.225
   2.625,  -78.069,  -78.122,  -78.060
   2.628,  -77.980,  -77.918,  -77.952
   2.631,  -77.872,  -77.763,  -77.849
   2.634,  -77.742,  -77.666,  -77.726
   2.637,  -77.613,  -77.600,  -77.634
   2.640,  -77.495,  -77.511,  -77.513
   2.643,  -77.416,  -77.390,  -77.406
   2.646,  -77.358,  -77.268,  -77.321
   2.649,  -77.278,  -77.206,  -77.245
   2.652,  -77.130,  -77.146,  -77.160
   2.655,  -76.987,  -77.047,  -77.084
   2.658,  -76.891,  -76.943,  -76.988
   2.661,  -76.874,  -76.843,  -76.895
   2.664,  -76.799,  -76.741,  -76.824
   2.667,  -76.694,  -76.637,  -76.732
   2.670,  -76.638,  -76.547,  -76.630
   2.673,  -76.591,  -76.480,  -76.528
   2.676,  -76.520,  -76.471,  -76.421
   2.679,  -76.457,  -76.451,  -76.356
   2.682,  -76.369,  -76.421,  -76.335
   2.686,  -76.283,  -76.365,  -76.301
   2.689,  -76.239,  -76.295,  -76.244
   2.692,  -76.209,  -76.202,  -76.173
   2.695,  -76.175,  -76.192,  -76.152
   2.698,  -76.128,  -76.207,  -76.153
   2.701,  -76.093,  -76.159,  -76.133
   2.704,  -76.086,  -76.110,  -76.075
   2.707,  -76.056,  -76.142,  -76.070
   2.710,  -76.004,  -76.127,  -76.068
   2.713,  -75.998,  -76.060,  -76.039
   2.716,  -76.070,  -75.981,  -76.062
   2.719,  -76.110,  -75.948,  -76.089
   2.722,  -76.057,  -76.008,  -76.074
   2.725,  -75.989,  -76.044,  -76.065
   2.728,  -76.002,  -76.020,  -76.083
   2.731,  -76.050,  -76.043,  -76.079
   2.734,  -76.061,  -76.089,  -76.063
   2.737,  -76.080,  -76.162,  -76.115
   2.740,  -76.148,  -76.197,  -76.152
   2.744,  -76.156,  -76.194,  -76.139
   2.747,  -76.164,  -76.208,  -76.118
   2.750,  -76.228,  -76.212,  -76.160
   2.753,  -76.220,  -76.244,  -76.221
   2.756,  -76.207,  -76.262,  -76.247
   2.759,  -76.237,  -76.279,  -76.260
   2.762,  -76.268,  -76.311,  -76.262
   2.765,  -76.307,  -76.314,  -76.292
   2.768,  -76.349,  -76.362,  -76.300
   2.771,  -76.396,  -76.447,  -76.333
   2.774,  -76.406,  -76.437,  -76.429
   2.777,  -76.468,  -76.408,  -76.482
   2.780,  -76.526,  -76.435,  -76.519
   2.783,  -76.540,  -76.555,  -76.582
   2.786,  -76.611,  -76.655,  -76.637
   2.789,  -76.639,  -76.646,  -76.692
   2.792,  -76.623,  -76.660,  -76.723
   2.795,  -76.711,  -76.712,  -76.752
   2.798,  -76.805,  -76.755,  -76.796
   2.802,  -76.831,  -76.802,  -76.863
   2.805,  -76.875,  -76.858,  -76.870
   2.808,  -76.923,  -76.914,  -76.840
   2.811,  -76.946,  -76.964,  -76.875
   2.814,  -77.041,  -77.048,  -76.950
   2.817,  -77.129,  -77.144,  -77.074
   2.820,  -77.154,  -77.163,  -77.193
   2.823,  -77.165,  -77.198,  -77.253
   2.826,  -77.208,  -77.199,  -77.298
   2.829,  -77.240,  -77.249,  -77.371
   2.832,  -77.262,  -77.349,  -77.423
   2.835,  -77.353,  -77.399,  -77.408
   2.838,  -77.509,  -77.445,  -77.386
   2.841,  -77.592,  -77.505,  -77.451
   2.844,  -77.612,  -77.570,  -77.524
   2.847,  -77.620,  -77.612,  -77.535
   2.850,  -77.648,  -77.642,  -77.596
   2.853,  -77.652,  -77.672,  -77.640
   2.856,  -77.738,  -77.748,  -77.714
   2.859,  -77.844,  -77.812,  -77.797
   2.863,  -77.859,  -77.857,  -77.892
   2.866,  -77.909,  -77.906,  -77.941
   2.869,  -77.966,  -77.925,  -77.907
   2.872,  -77.968,  -77.939,  -77.951
   2.875,  -78.002,  -77.983,  -77.998
   2.878,  -78.026,  -78.004,  -78.002
   2.881,  -78.037,  -78.032,  -78.031
   2.884,  -78.053,  -78.080,  -78.094
   2.887,  -78.076,  -78.093,  -78.137
   2.890,  -78.178,  -78.190,  -78.169
   2.893,  -78.290,  -78.269,  -78.214
   2.896,  -78.341,  -78.303,  -78.246
   2.899,  -78.373,  -78.307,  -78.301
   2.902,  -78.399,  -78.384,  -78.350
   2.905,  -78.439,  -78.432,  -78.399
   2.908,  -78.493,  -78.437,  -78.435
   2.911,  -78.486,  -78.442,  -78.482
   2.914,  -78.491,  -78.462,  -78.549
   2.917,  -78.543,  -78.532,  -78.634
   2.921,  -78.535,  -78.616,  -78.660
   2.924,  -78.540,  -78.694,  -78.634
   2.927,  -78.585,  -78.652,  -78.629
   2.930,  -78.663,  -78.605,  -78.698
   2.933,  -78.728,  -78.706,  -78.802
   2.936,  -78.791,  -78.773,  -78.822
   2.939,  -78.803,  -78.762,  -78.830
   2.942,  -78.775,  -78.780,  -78.864
   2.945,  -78.762,  -78.770,  -78.858
   2.948,  -78.787,  -78.779,  -78.889
   2.951,  -78.840,  -78.853,  -78.938
   2.954,  -78.861,  -78.894,  -78.943
   2.957,  -78.906,  -78.901,  -78.929
   2.960,  -78.900,  -78.954,  -78.955
   2.963,  -78.889,  -78.978,  -78.995
   2.966,  -78.989,  -78.996,  -79.005
   2.969,  -79.068,  -79.006,  -79.049
   2.972,  -79.053,  -78.987,  -79.080
   2.975,  -79.051,  -79.018,  -79.083
   2.979,  -79.114,  -79.053,  -79.090
   2.982,  -79.170,  -79.075,  -79.103
   2.985,  -79.162,  -79.061,  -79.085
   2.988,  -79.133,  -79.101,  -79.038
   2.991,  -79.164,  -79.221,  -79.104
   2.994,  -79.148,  -79.228,  -79.175
   2.997,  -79.144,  -79.195,  -79.240
   3.000,  -79.212,  -79.164,  -79.265
   3.003,  -79.267,  -79.210,  -79.235
   3.006,  -79.255,  -79.272,  -79.223
   3.009,  -79.235,  -79.281,  -79.262
   3.012,  -79.266,  -79.274,  -79.315
   3.015,  -79.347,  -79.303,  -79.321
   3.018,  -79.372,  -79.334,  -79.315
   3.021,  -79.361,  -79.363,  -79.343
   3.024,  -79.386,  -79.368,  -79.395
   3.027,  -79.388,  -79.350,  -79.382
   3.030,  -79.405,  -79.323,  -79.359
   3.033,  -79.429,  -79.323,  -79.338
   3.036,  -79.472,  -79.388,  -79.382
   3.040,  -79.468,  -79.424,  -79.455
   3.043,  -79.401,  -79.415,  -79.453
   3.046,  -79.414,  -79.425,  -79.411
   3.049,  -79.474,  -79.426,  -79.424
   3.052,  -79.498,  -79.469,  -79.489
   3.055,  -79.506,  -79.485,  -79.528
   3.058,  -79.535,  -79.439,  -79.537
   3.061,  -79.499,  -79.445,  -79.530
   3.064,  -79.461,  -79.505,  -79.496
   3.067,  -79.501,  -79.528,  -79.455
   3.070,  -79.517,  -79.546,  -79.530
   3.073,  -79.487,  -79.589,  -79.649
   3.076,  -79.500,  -79.572,  -79.623
   3.079,  -79.518,  -79.592,  -79.521
   3.082,  -79.544,  -79.617,  -79.462
   3.085,  -79.559,  -79.572,  -79.505
   3.088,  -79.519,  -79.539,  -79.556
   3.091,  -79.500,  -79.501,  -79.561
   3.094,  -79.543,  -79.506,  -79.496
   3.098,  -79.552,  -79.496,  -79.461
   3.101,  -79.504,  -79.480,  -79.506
   3.104,  -79.504,  -79.478,  -79.565
   3.107,  -79.541,  -79.533,  -79.587
   3.110,  -79.563,  -79.558,  -79.529
   3.113,  -79.572,  -79.506,  -79.500
   3.116,  -79.542,  -79.496,  -79.521
   3.119,  -79.513,  -79.517,  -79.561
   3.122,  -79.483,  -79.524,  -79.528
   3.125,  -79.503,  -79.490,  -79.491
   3.128,  -79.506,  -79.519,  -79.485
   3.131,  -79.474,  -79.544,  -79.489
   3.134,  -79.528,  -79.538,  -79.494
   3.137,  -79.541,  -79.549,  -79.476
   3.140,  -79.532,  -79.534,  -79.449
   3.143,  -79.545,  -79.508,  -79.452
   3.146,  -79.532,  -79.495,  -79.486
   3.149,  -79.517,  -79.504,  -79.477
   3.152,  -79.520,  -79.463,  -79.448
   3.156,  -79.521,  -79.437,  -79.416
   3.159,  -79.450,  -79.425,  -79.430
   3.162,  -79.406,  -79.434,  -79.430
   3.165,  -79.463,  -79.464,  -79.450
   3.168,  -79.491,  -79.439,  -79.478
   3.171,  -79.457,  -79.383,  -79.482
   3.174,  -79.436,  -79.348,  -79.455
   3.177,  -79.401,  -79.363,  -79.419
   3.180,  -79.396,  -79.418,  -79.412
   3.183,  -79.420,  -79.450,  -79.375
   3.186,  -79.404,  -79.383,  -79.307
   3.189,  -79.435,  -79.385,  -79.264
   3.192,  -79.418,  -79.390,  -79.275
   3.195,  -79.348,  -79.380,  -79.331
   3.198,  -79.326,  -79.375,  -79.356
   3.201,  -79.363,  -79.377,  -79.366
   3.204,  -79.397,  -79.374,  -79.340
   3.207,  -79.381,  -79.301,  -79.270
   3.210,  -79.332,  -79.289,  -79.223
   3.214,  -79.275,  -79.267,  -79.165
   3.217,  -79.301,  -79.231,  -79.107
   3.220,  -79.288,  -79.261,  -79.115
   3.223,  -79.221,  -79.304,  -79.186
   3.226,  -79.212,  -79.304,  -79.212
   3.229,  -79.224,  -79.283,  -79.204
   3.232,  -79.198,  -79.292,  -79.159
   3.235,  -79.141,  -79.291,  -79.150
   3.238,  -79.129,  -79.254,  -79.133
   3.241,  -79.180,  -79.207,  -79.160
   3.244,  -79.183,  -79.159,  -79.235
   3.247,  -79.158,  -79.083,  -79.236
   3.250,  -79.196,  -79.054,  -79.201
   3.253,  -79.147,  -79.038,  -79.181
   3.256,  -79.074,  -78.991,  -79.154
   3.259,  -79.067,  -79.005,  -79.104
   3.262,  -79.044,  -79.067,  -79.083
   3.265,  -79.048,  -79.078,  -79.004
   3.268,  -79.056,  -79.035,  -78.983
   3.271,  -79.009,  -78.960,  -78.998
   3.275,  -78.928,  -78.939,  -78.952
   3.278,  -78.921,  -78.939,  -78.916
   3.281,  -78.964,  -78.919,  -78.890
   3.284,  -78.995,  -78.922,  -78.809
   3.287,  -79.020,  -78.888,  -78.782
   3.290,  -78.965,  -78.853,  -78.808
   3.293,  -78.887,  -78.851,  -78.785
   3.296,  -78.860,  -78.814,  -78.772
   3.299,  -78.841,  -78.742,  -78.804
   3.302,  -78.827,  -78.646,  -78.798
   3.305,  -78.807,  -78.639,  -78.735
   3.308,  -78.773,  -78.641,  -78.698
   3.311,  -78.776,  -78.624,  -78.688
   3.314,  -78.787,  -78.631,  -78.633
   3.317,  -78.759,  -78.624,  -78.634
   3.320,  -78.721,  -78.624,  -78.594
   3.323,  -78.715,  -78.645,  -78.572
   3.326,  -78.706,  -78.620,  -78.564
   3.329,  -78.652,  -78.573,  -78.562
   3.333,  -78.607,  -78.522,  -78.587
   3.336,  -78.609,  -78.462,  -78.496
   3.339,  -78.572,  -78.388,  -78.464
   3.342,  -78.516,  -78.321,  -78.423
   3.345,  -78.521,  -78.318,  -78.357
   3.348,  -78.501,  -78.283,  -78.335
   3.351,  -78.445,  -78.257,  -78.326
   3.354,  -78.445,  -78.300,  -78.284
   3.357,  -78.433,  -78.344,  -78.234
   3.360,  -78.409,  -78.294,  -78.197
   3.363,  -78.432,  -78.243,  -78.137
   3.366,  -78.429,  -78.190,  -78.108
   3.369,  -78.297,  -78.141,  -78.105
   3.372,  -78.253,  -78.157,  -78.132
   3.375,  -78.285,  -78.173,  -78.070
   3.378,  -78.241,  -78.159,  -77.967
   3.381,  -78.187,  -78.131,  -77.956
   3.384,  -78.182,  -78.139,  -77.953
   3.387,  -78.172,  -78.139,  -77.927
   3.391,  -78.105,  -78.083,  -77.967
   3.394,  -78.051,  -78.014,  -77.978
   3.397,  -78.024,  -77.943,  -77.927
   3.400,  -78.007,  -77.902,  -77.821
   3.403,  -78.033,  -77.903,  -77.764
   3.406,  -77.977,  -77.891,  -77.780
   3.409,  -77.881,  -77.883,  -77.759
   3.412,  -77.834,  -77.862,  -77.729
   3.415,  -77.849,  -77.798,  -77.738
   3.418,  -77.896,  -77.713,  -77.697
   3.421,  -77.871,  -77.622,  -77.627
   3.424,  -77.779,  -77.624,  -77.575
   3.427,  -77.741,  -77.630,  -77.503
   3.430,  -77.676,  -77.629,  -77.461
   3.433,  -77.617,  -77.638,  -77.475
   3.436,  -77.594,  -77.579,  -77.466
   3.439,  -77.567,  -77.530,  -77.414
   3.442,  -77.564,  -77.487,  -77.354
   3.445,  -77.502,  -77.451,  -77.324
   3.448,  -77.428,  -77.397,  -77.317
   3.452,  -77.406,  -77.380,  -77.325
   3.455,  -77.395,  -77.369,  -77.275
   3.458,  -77.348,  -77.290,  -77.197
   3.461,  -77.263,  -77.241,  -77.135
   3.464,  -77.284,  -77.180,  -77.090
   3.467,  -77.301,  -77.082,  -77.052
   3.470,  -77.237,  -77.070,  -76.980
   3.473,  -77.187,  -77.043,  -76.974
   3.476,  -77.149,  -77.016,  -76.952
   3.479,  -77.139,  -77.004,  -76.920
   3.482,  -77.095,  -76.999,  -76.885
   3.485,  -77.012,  -76.961,  -76.867
   3.488,  -76.942,  -76.853,  -76.785
   3.491,  -76.886,  -76.784,  -76.700
   3.494,  -76.863,  -76.818,  -76.668
   3.497,  -76.865,  -76.752,  -76.672
   3.500,  -76.807,  -76.739,  -76.652
   3.503,  -76.800,  -76.733,  -76.596
   3.506,  -76.778,  -76.693,  -76.573
   3.510,  -76.692,  -76.661,  -76.592
   3.513,  -76.640,  -76.584,  -76.536
   3.516,  -76.599,  -76.548,  -76.396
   3.519,  -76.571,  -76.575,  -76.380
   3.522,  -76.561,  -76.570,  -76.336
   3.525,  -76.584,  -76.501,  -76.269
   3.528,  -76.499,  -76.412,  -76.268
   3.531,  -76.400,  -76.355,  -76.206
   3.534,  -76.393,  -76.304,  -76.148
   3.537,  -76.332,  -76.260,  -76.112
   3.540,  -76.299,  -76.225,  -76.104
   3.543,  -76.290,  -76.186,  -76.065
   3.546,  -76.271,  -76.137,  -76.036
   3.549,  -76.223,  -76.098,  -75.977
   3.552,  -76.126,  -76.014,  -75.849
   3.555,  -76.056,  -75.973,  -75.797
   3.558,  -75.999,  -75.964,  -75.779
   3.561,  -75.947,  -75.905,  -75.735
   3.564,  -75.907,  -75.857,  -75.717
   3.568,  -75.896,  -75.870,  -75.704
   3.571,  -75.915,  -75.824,  -75.664
   3.574,  -75.859,  -75.766,  -75.638
   3.577,  -75.768,  -75.678,  -75.565
   3.580,  -75.696,  -75.617,  -75.488
   3.583,  -75.643,  -75.624,  -75.389
   3.586,  -75.613,  -75.618,  -75.358
   3.589,  -75.593,  -75.572,  -75.398
   3.592,  -75.570,  -75.496,  -75.386
   3.595,  -75.526,  -75.445,  -75.313
   3.598,  -75.509,  -75.420,  -75.224
   3.601,  -75.443,  -75.373,  -75.185
   3.604,  -75.328,  -75.262,  -75.106
   3.607,  -75.238,  -75.188,  -75.020
   3.610,  -75.193,  -75.174,  -74.995
   3.613,  -75.166,  -75.186,  -74.974
   3.616,  -75.079,  -75.105,  -74.969
   3.619,  -75.004,  -75.010,  -74.948
   3.622,  -75.007,  -74.961,  -74.820
   3.625,  -74.939,  -74.998,  -74.670
   3.629,  -74.836,  -74.960,  -74.585
   3.632,  -74.795,  -74.805,  -74.561
   3.635,  -74.772,  -74.747,  -74.541
   3.638,  -74.771,  -74.754,  -74.558
   3.641,  -74.714,  -74.694,  -74.586
   3.644,  -74.649,  -74.626,  -74.518
   3.647,  -74.636,  -74.564,  -74.432
   3.650,  -74.559,  -74.516,  -74.363
   3.653,  -74.471,  -74.430,  -74.268
   3.656,  -74.430,  -74.364,  -74.162
   3.659,  -74.348,  -74.324,  -74.144
   3.662,  -74.326,  -74.305,  -74.151
   3.665,  -74.352,  -74.224,  -74.099
   3.668,  -74.268,  -74.120,  -74.042
   3.671,  -74.150,  -74.063,  -74.000
   3.674,  -74.086,  -74.009,  -73.987
   3.677,  -74.057,  -73.946,  -73.935
   3.680,  -73.983,  -73.937,  -73.788
   3.683,  -73.923,  -73.947,  -73.685
   3.687,  -73.903,  -73.907,  -73.715
   3.690,  -73.842,  -73.840,  -73.682
   3.693,  -73.760,  -73.758,  -73.568
   3.696,  -73.660,  -73.714,  -73.482
   3.699,  -73.582,  -73.646,  -73.446
   3.702,  -73.514,  -73.569,  -73.449
   3.705,  -73.446,  -73.525,  -73.359
   3.708,  -73.419,  -73.473,  -73.292
   3.711,  -73.432,  -73.385,  -73.279
   3.714,  -73.419,  -73.230,  -73.252
   3.717,  -73.303,  -73.199,  -73.139
   3.720,  -73.183,  -73.188,  -73.039
   3.723,  -73.099,  -73.113,  -73.011
   3.726,  -73.035,  -73.031,  -72.999
   3.729,  -73.026,  -72.957,  -72.976
   3.732,  -72.949,  -72.921,  -72.874
   3.735,  -72.843,  -72.895,  -72.811
   3.738,  -72.840,  -72.840,  -72.781
   3.741,  -72.802,  -72.770,  -72.733
   3.745,  -72.729,  -72.693,  -72.639
   3.748,  -72.698,  -72.660,  -72.556
   3.751,  -72.621,  -72.607,  -72.505
   3.754,  -72.574,  -72.566,  -72.467
   3.757,  -72.518,  -72.525,  -72.385
   3.760,  -72.403,  -72.465,  -72.254
   3.763,  -72.346,  -72.397,  -72.177
   3.766,  -72.323,  -72.309,  -72.161
   3.769,  -72.342,  -72.254,  -72.177
   3.772,  -72.301,  -72.203,  -72.151
   3.775,  -72.197,  -72.124,  -72.085
   3.778,  -72.103,  -72.028,  -71.994
   3.781,  -72.061,  -71.955,  -71.943
   3.784,  -72.007,  -71.933,  -71.892
   3.787,  -71.905,  -71.882,  -71.786
   3.790,  -71.837,  -71.821,  -71.715
   3.793,  -71.769,  -71.784,  -71.616
   3.796,  -71.711,  -71.687,  -71.539
   3.799,  -71.670,  -71.588,  -71.517
   3.802,  -71.625,  -71.603,  -71.472
   3.806,  -71.538,  -71.600,  -71.382
   3.809,  -71.436,  -71.474,  -71.345
   3.812,  -71.357,  -71.358,  -71.421
   3.815,  -71.313,  -71.289,  -71.375
   3.818,  -71.339,  -71.222,  -71.225
   3.821,  -71.309,  -71.177,  -71.113
   3.824,  -71.158,  -71.133,  -70.998
   3.827,  -71.071,  -71.099,  -70.955
   3.830,  -71.024,  -71.034,  -70.915
   3.833,  -71.017,  -70.925,  -70.868
   3.836,  -70.948,  -70.847,  -70.825
   3.839,  -70.827,  -70.845,  -70.740
   3.842,  -70.741,  -70.857,  -70.689
   3.845,  -70.656,  -70.761,  -70.662
   3.848,  -70.628,  -70.684,  -70.599
   3.851,  -70.620,  -70.613,  -70.530
   3.854,  -70.557,  -70.517,  -70.444
   3.857,  -70.489,  -70.449,  -70.419
   3.860,  -70.366,  -70.423,  -70.402
   3.864,  -70.265,  -70.391,  -70.373
   3.867,  -70.230,  -70.268,  -70.301
   3.870,  -70.201,  -70.173,  -70.208
   3.873,  -70.189,  -70.128,  -70.106
   3.876,  -70.131,  -70.088,  -70.014
   3.879,  -70.058,  -70.001,  -69.977
   3.882,  -69.953,  -69.941,  -69.944
   3.885,  -69.863,  -69.869,  -69.871
   3.888,  -69.871,  -69.791,  -69.813
   3.891,  -69.818,  -69.759,  -69.766
   3.894,  -69.706,  -69.704,  -69.729
   3.897,  -69.657,  -69.646,  -69.683
   3.900,  -69.599,  -69.625,  -69.596
   3.903,  -69.535,  -69.595,  -69.513
   3.906,  -69.425,  -69.509,  -69.465
   3.909,  -69.336,  -69.410,  -69.422
   3.912,  -69.332,  -69.333,  -69.335
   3.915,  -69.277,  -69.256,  -69.265
   3.918,  -69.185,  -69.213,  -69.217
   3.922,  -69.135,  -69.163,  -69.175
   3.925,  -69.097,  -69.097,  -69.126
   3.928,  -69.011,  -69.033,  -69.106
   3.931,  -68.920,  -69.041,  -69.051
   3.934,  -68.909,  -69.077,  -68.981
   3.937,  -68.908,  -68.995,  -68.948
   3.940,  -68.834,  -68.845,  -68.897
   3.943,  -68.784,  -68.727,  -68.869
   3.946,  -68.746,  -68.711,  -68.786
   3.949,  -68.649,  -68.716,  -68.707
   3.952,  -68.599,  -68.625,  -68.638
   3.955,  -68.579,  -68.583,  -68.533
   3.958,  -68.561,  -68.534,  -68.468
   3.961,  -68.485,  -68.450,  -68.406
   3.964,  -68.422,  -68.393,  -68.395
   3.967,  -68.364,  -68.336,  -68.377
   3.970,  -68.238,  -68.263,  -68.337
   3.973,  -68.159,  -68.254,  -68.274
   3.976,  -68.173,  -68.238,  -68.189
   3.979,  -68.139,  -68.173,  -68.117
   3.983,  -68.065,  -68.152,  -68.090
   3.986,  -68.000,  -68.154,  -68.067
   3.989,  -67.922,  -68.097,  -68.021
   3.992,  -67.857,  -68.026,  -67.959
   3.995,  -67.853,  -67.964,  -67.905
   3.998,  -67.858,  -67.876,  -67.900
   4.001,  -67.817,  -67.827,  -67.851
   4.004,  -67.764,  -67.784,  -67.792
   4.007,  -67.726,  -67.741,  -67.798
   4.010,  -67.674,  -67.700,  -67.778
   4.013,  -67.632,  -67.695,  -67.730
   4.016,  -67.605,  -67.636,  -67.699
   4.019,  -67.599,  -67.526,  -67.671
   4.022,  -67.583,  -67.518,  -67.621
   4.025,  -67.506,  -67.540,  -67.563
   4.028,  -67.410,  -67.502,  -67.496
   4.031,  -67.396,  -67.389,  -67.449
   4.034,  -67.437,  -67.277,  -67.420
   4.037,  -67.401,  -67.224,  -67.414
   4.041,  -67.323,  -67.207,  -67.422
   4.044,  -67.296,  -67.206,  -67.347
   4.047,  -67.265,  -67.185,  -67.263
   4.050,  -67.191,  -67.183,  -67.218
   4.053,  -67.134,  -67.208,  -67.198
   4.056,  -67.123,  -67.199,  -67.182
   4.059,  -67.109,  -67.175,  -67.187
   4.062,  -67.074,  -67.185,  -67.205
   4.065,  -67.019,  -67.106,  -67.174
   4.068,  -66.968,  -66.994,  -67.133
   4.071,  -66.972,  -66.932,  -67.053
   4.074,  -67.008,  -66.937,  -66.983
   4.077,  -66.974,  -66.937,  -66.971
   4.080,  -66.938,  -66.919,  -66.996
   4.083,  -66.976,  -66.903,  -66.994
   4.086,  -66.898,  -66.890,  -66.977
   4.089,  -66.823,  -66.922,  -66.969
   4.092,  -66.800,  -66.966,  -66.920
   4.095,  -66.757,  -66.914,  -66.888
   4.099,  -66.726,  -66.863,  -66.870
   4.102,  -66.727,  -66.832,  -66.857
   4.105,  -66.776,  -66.788,  -66.857
   4.108,  -66.800,  -66.761,  -66.852
   4.111,  -66.759,  -66.735,  -66.797
   4.114,  -66.719,  -66.731,  -66.731
   4.117,  -66.741,  -66.732,  -66.750
   4.120,  -66.710,  -66.727,  -66.786
   4.123,  -66.677,  -66.742,  -66.786
   4.126,  -66.673,  -66.754,  -66.777
   4.129,  -66.658,  -66.671,  -66.761
   4.132,  -66.705,  -66.638,  -66.787
   4.135,  -66.695,  -66.705,  -66.785
   4.138,  -66.650,  -66.707,  -66.774
   4.141,  -66.644,  -66.671,  -66.743
   4.144,  -66.690,  -66.690,  -66.705
   4.147,  -66.701,  -66.696,  -66.682
   4.150,  -66.690,  -66.717,  -66.699
   4.153,  -66.731,  -66.736,  -66.707
   4.156,  -66.742,  -66.647,  -66.677
   4.160,  -66.679,  -66.592,  -66.684
   4.163,  -66.614,  -66.584,  -66.731
   4.166,  -66.604,  -66.638,  -66.762
   4.169,  -66.602,  -66.668,  -66.771
   4.172,  -66.595,  -66.623,  -66.798
   4.175,  -66.612,  -66.603,  -66.780
   4.178,  -66.640,  -66.608,  -66.716
   4.181,  -66.654,  -66.624,  -66.702
   4.184,  -66.697,  -66.662,  -66.715
   4.187,  -66.733,  -66.720,  -66.754
   4.190,  -66.693,  -66.721,  -66.728
   4.193,  -66.653,  -66.732,  -66.743
   4.196,  -66.621,  -66.728,  -66.792
   4.199,  -66.612,  -66.713,  -66.798
   4.202,  -66.670,  -66.723,  -66.814
   4.205,  -66.715,  -66.732,  -66.851
   4.208,  -66.790,  -66.694,  -66.833
   4.211,  -66.824,  -66.640,  -66.790
   4.214,  -66.799,  -66.727,  -66.796
   4.218,  -66.797,  -66.798,  -66.829
   4.221,  -66.807,  -66.757,  -66.824
   4.224,  -66.841,  -66.767,  -66.788
   4.227,  -66.789,  -66.794,  -66.848
   4.230,  -66.779,  -66.835,  -66.892
   4.233,  -66.825,  -66.870,  -66.943
   4.236,  -66.862,  -66.851,  -66.929
   4.239,  -66.869,  -66.847,  -66.882
   4.242,  -66.838,  -66.857,  -66.868
   4.245,  -66.831,  -66.906,  -66.879
   4.248,  -66.872,  -66.940,  -66.899
   4.251,  -66.895,  -66.964,  -66.949
   4.254,  -66.940,  -67.061,  -66.963
   4.257,  -66.998,  -67.105,  -66.961
   4.260,  -66.992,  -67.073,  -66.966
   4.263,  -66.952,  -67.056,  -66.982
   4.266,  -66.946,  -67.031,  -67.011
   4.269,  -66.925,  -66.996,  -67.030
   4.272,  -66.928,  -66.986,  -67.047
   4.276,  -66.987,  -66.977,  -67.088
   4.279,  -67.051,  -66.938,  -67.108
   4.282,  -67.054,  -66.964,  -67.124
   4.285,  -67.009,  -67.026,  -67.136
   4.288,  -67.013,  -67.088,  -67.080
   4.291,  -67.063,  -67.131,  -67.064
   4.294,  -67.118,  -67.166,  -67.117
   4.297,  -67.138,  -67.174,  -67.140
   4.300,  -67.140,  -67.161,  -67.189
   4.303,  -67.136,  -67.176,  -67.259
   4.306,  -67.114,  -67.193,  -67.271
   4.309,  -67.132,  -67.183,  -67.278
   4.312,  -67.198,  -67.250,  -67.253
   4.315,  -67.258,  -67.320,  -67.246
   4.318,  -67.291,  -67.276,  -67.338
   4.321,  -67.255,  -67.254,  -67.390
   4.324,  -67.202,  -67.294,  -67.348
   4.327,  -67.214,  -67.310,  -67.336
   4.330,  -67.252,  -67.335,  -67.321
   4.333,  -67.309,  -67.363,  -67.336
   4.337,  -67.341,  -67.400,  -67.370
   4.340,  -67.345,  -67.412,  -67.417
   4.343,  -67.344,  -67.376,  -67.407
   4.346,  -67.400,  -67.384,  -67.427
   4.349,  -67.426,  -67.477,  -67.453
   4.352,  -67.433,  -67.523,  -67.472
   4.355,  -67.442,  -67.427,  -67.539
   4.358,  -67.419,  -67.409,  -67.555
   4.361,  -67.410,  -67.454,  -67.536
   4.364,  -67.461,  -67.527,  -67.543
   4.367,  -67.511,  -67.573,  -67.560
   4.370,  -67.511,  -67.553,  -67.559
   4.373,  -67.496,  -67.553,  -67.549
   4.376,  -67.491,  -67.582,  -67.527
   4.379,  -67.516,  -67.583,  -67.531
   4.382,  -67.571,  -67.588,  -67.612
   4.385,  -67.530,  -67.643,  -67.650
   4.388,  -67.529,  -67.633,  -67.623
   4.391,  -67.637,  -67.651,  -67.688
   4.395,  -67.702,  -67.707,  -67.818
   4.398,  -67.709,  -67.755,  -67.845
   4.401,  -67.712,  -67.707,  -67.773
   4.404,  -67.746,  -67.704,  -67.731
   4.407,  -67.766,  -67.771,  -67.750
   4.410,  -67.761,  -67.765,  -67.745
   4.413,  -67.768,  -67.717,  -67.741
   4.416,  -67.847,  -67.727,  -67.783
   4.419,  -67.865,  -67.721,  -67.808
   4.422,  -67.815,  -67.703,  -67.803
   4.425,  -67.762,  -67.733,  -67.853
   4.428,  -67.725,  -67.797,  -67.911
   4.431,  -67.782,  -67.820,  -67.895
   4.434,  -67.832,  -67.858,  -67.859
   4.437,  -67.828,  -67.907,  -67.866
   4.440,  -67.851,  -67.919,  -67.893
   4.443,  -67.877,  -67.936,  -67.865
   4.446,  -67.882,  -67.975,  -67.872
   4.449,  -67.907,  -67.964,  -67.890
   4.453,  -67.920,  -67.911,  -67.935
   4.456,  -67.960,  -67.918,  -67.936
   4.459,  -67.965,  -67.967,  -67.931
   4.462,  -67.955,  -68.010,  -67.948
   4.465,  -67.987,  -67.986,  -67.967
   4.468,  -68.007,  -68.034,  -68.014
   4.471,  -67.980,  -68.147,  -68.035
   4.474,  -67.929,  -68.132,  -68.006
   4.477,  -67.924,  -68.011,  -67.992
   4.480,  -67.946,  -68.019,  -68.019
   4.483,  -67.992,  -68.028,  -68.066
   4.486,  -68.055,  -67.966,  -68.063
   4.489,  -68.025,  -67.933,  -68.009
   4.492,  -68.031,  -67.959,  -68.021
   4.495,  -68.067,  -67.985,  -68.047
   4.498,  -68.126,  -68.053,  -68.041
   4.501,  -68.129,  -68.075,  -68.111
   4.504,  -68.101,  -68.043,  -68.167
   4.507,  -68.110,  -68.032,  -68.146
   4.510,  -68.100,  -68.046,  -68.120
   4.514,  -68.092,  -68.068,  -68.097
   4.517,  -68.088,  -68.067,  -68.105
   4.520,  -68.099,  -68.076,  -68.168
   4.523,  -68.157,  -68.083,  -68.225
   4.526,  -68.180,  -68.099,  -68.215
   4.529,  -68.100,  -68.112,  -68.162
   4.532,  -68.077,  -68.106,  -68.186
   4.535,  -68.160,  -68.118,  -68.223
   4.538,  -68.181,  -68.169,  -68.212
   4.541,  -68.107,  -68.136,  -68.219
   4.544,  -68.112,  -68.074,  -68.168
   4.547,  -68.156,  -68.129,  -68.138
   4.550,  -68.241,  -68.222,  -68.212
   4.553,  -68.230,  -68.250,  -68.275
   4.556,  -68.188,  -68.230,  -68.260
   4.559,  -68.165,  -68.242,  -68.251
   4.562,  -68.153,  -68.241,  -68.247
   4.565,  -68.178,  -68.253,  -68.250
   4.568,  -68.237,  -68.281,  -68.260
   4.572,  -68.289,  -68.248,  -68.254
   4.575,  -68.261,  -68.171,  -68.228
   4.578,  -68.259,  -68.172,  -68.265
   4.581,  -68.236,  -68.246,  -68.296
   4.584,  -68.190,  -68.294,  -68.305
   4.587,  -68.186,  -68.245,  -68.288
   4.590,  -68.212,  -68.189,  -68.250
   4.593,  -68.209,  -68.213,  -68.235
   4.596,  -68.192,  -68.270,  -68.259
   4.599,  -68.235,  -68.291,  -68.244
   4.602,  -68.265,  -68.275,  -68.272
   4.605,  -68.241,  -68.298,  -68.300
   4.608,  -68.203,  -68.289,  -68.265
   4.611,  -68.217,  -68.281,  -68.229
   4.614,  -68.226,  -68.265,  -68.280
   4.617,  -68.243,  -68.228,  -68.336
   4.620,  -68.260,  -68.211,  -68.282
   4.623,  -68.224,  -68.235,  -68.212
   4.626,  -68.245,  -68.269,  -68.222
   4.630,  -68.340,  -68.224,  -68.296
   4.633,  -68.358,  -68.192,  -68.330
   4.636,  -68.355,  -68.258,  -68.329
   4.639,  -68.294,  -68.378,  -68.275
   4.642,  -68.256,  -68.345,  -68.249
   4.645,  -68.277,  -68.274,  -68.248
   4.648,  -68.263,  -68.260,  -68.300
   4.651,  -68.184,  -68.292,  -68.348
   4.654,  -68.093,  -68.244,  -68.272
   4.657,  -68.113,  -68.195,  -68.190
   4.660,  -68.215,  -68.236,  -68.209
   4.663,  -68.247,  -68.211,  -68.213
   4.666,  -68.248,  -68.222,  -68.217
   4.669,  -68.260,  -68.237,  -68.228
   4.672,  -68.279,  -68.229,  -68.207
   4.675,  -68.268,  -68.277,  -68.229
   4.678,  -68.245,  -68.279,  -68.256
   4.681,  -68.231,  -68.195,  -68.249
   4.684,  -68.240,  -68.137,  -68.276
   4.688,  -68.283,  -68.166,  -68.260
   4.691,  -68.294,  -68.191,  -68.241
   4.694,  -68.216,  -68.187,  -68.245
   4.697,  -68.190,  -68.169,  -68.259
   4.700,  -68.187,  -68.191,  -68.259
   4.703,  -68.193,  -68.227,  -68.230
   4.706,  -68.168,  -68.206,  -68.199
   4.709,  -68.176,  -68.196,  -68.141
   4.712,  -68.197,  -68.165,  -68.139
   4.715,  -68.187,  -68.178,  -68.166
   4.718,  -68.153,  -68.170,  -68.148
   4.721,  -68.181,  -68.117,  -68.163
   4.724,  -68.193,  -68.081,  -68.213
   4.727,  -68.117,  -68.123,  -68.182
   4.730,  -68.033,  -68.177,  -68.148
   4.733,  -68.002,  -68.107,  -68.197
   4.736,  -68.031,  -68.089,  -68.208
   4.739,  -68.051,  -68.095,  -68.159
   4.742,  -68.079,  -68.088,  -68.147
   4.745,  -68.086,  -68.064,  -68.119
   4.749,  -68.052,  -68.037,  -68.113
   4.752,  -67.983,  -68.022,  -68.084
   4.755,  -68.000,  -68.035,  -68.052
   4.758,  -68.043,  -68.076,  -68.033
   4.761,  -68.127,  -68.100,  -68.024
   4.764,  -68.129,  -68.081,  -68.044
   4.767,  -68.010,  -68.012,  -68.052
   4.770,  -67.925,  -67.978,  -68.058
   4.773,  -67.889,  -68.003,  -68.057
   4.776,  -67.881,  -67.969,  -68.040
   4.779,  -67.865,  -67.921,  -68.045
   4.782,  -67.874,  -67.917,  -67.970
   4.785,  -67.868,  -67.976,  -67.892
   4.788,  -67.866,  -67.989,  -67.915
   4.791,  -67.888,  -67.950,  -67.981
   4.794,  -67.912,  -67.939,  -67.988
   4.797,  -67.901,  -67.930,  -67.944
   4.800,  -67.868,  -67.911,  -67.911
   4.803,  -67.883,  -67.930,  -67.939
   4.807,  -67.894,  -67.981,  -67.978
   4.810,  -67.832,  -68.014,  -67.939
   4.813,  -67.774,  -67.994,  -67.890
   4.816,  -67.783,  -67.877,  -67.874
   4.819,  -67.798,  -67.816,  -67.872
   4.822,  -67.776,  -67.809,  -67.871
   4.825,  -67.753,  -67.792,  -67.844
   4.828,  -67.737,  -67.823,  -67.833
   4.831,  -67.700,  -67.798,  -67.845
   4.834,  -67.690,  -67.749,  -67.826
   4.837,  -67.710,  -67.739,  -67.839
   4.840,  -67.697,  -67.736,  -67.807
   4.843,  -67.652,  -67.769,  -67.794
   4.846,  -67.623,  -67.788,  -67.792
   4.849,  -67.628,  -67.780,  -67.756
   4.852,  -67.620,  -67.771,  -67.748
   4.855,  -67.651,  -67.698,  -67.719
   4.858,  -67.613,  -67.611,  -67.668
   4.861,  -67.583,  -67.628,  -67.642
   4.865,  -67.632,  -67.599,  -67.661
   4.868,  -67.656,  -67.645,  -67.662
   4.871,  -67.650,  -67.675,  -67.682
   4.874,  -67.613,  -67.628,  -67.653
   4.877,  -67.583,  -67.589,  -67.612
   4.880,  -67.537,  -67.579,  -67.651
   4.883,  -67.526,  -67.564,  -67.659
   4.886,  -67.523,  -67.566,  -67.629
   4.889,  -67.515,  -67.539,  -67.625
   4.892,  -67.496,  -67.486,  -67.630
   4.895,  -67.468,  -67.482,  -67.521
   4.898,  -67.417,  -67.482,  -67.403
   4.901,  -67.412,  -67.479,  -67.420
   4.904,  -67.419,  -67.453,  -67.413
   4.907,  -67.388,  -67.425,  -67.379
   4.910,  -67.348,  -67.415,  -67.331
   4.913,  -67.320,  -67.367,  -67.326
   4.916,  -67.356,  -67.341,  -67.351
   4.919,  -67.342,  -67.321,  -67.352
   4.922,  -67.299,  -67.280,  -67.305
   4.926,  -67.257,  -67.248,  -67.278
   4.929,  -67.263,  -67.251,  -67.295
   4.932,  -67.270,  -67.280,  -67.288
   4.935,  -67.218,  -67.225,  -67.282
   4.938,  -67.140,  -67.206,  -67.224
   4.941,  -67.089,  -67.219,  -67.202
   4.944,  -67.135,  -67.179,  -67.186
   4.947,  -67.177,  -67.113,  -67.127
   4.950,  -67.157,  -67.098,  -67.077
   4.953,  -67.115,  -67.103,  -67.088
   4.956,  -67.075,  -67.088,  -67.116
   4.959,  -67.065,  -67.122,  -67.095
   4.962,  -67.076,  -67.136,  -67.026
   4.965,  -67.058,  -67.128,  -66.978
   4.968,  -66.999,  -67.122,  -66.948
   4.971,  -66.963,  -67.046,  -66.910
   4.974,  -66.913,  -66.998,  -66.907
   4.977,  -66.864,  -66.966,  -66.928
   4.980,  -66.852,  -66.910,  -66.962
   4.984,  -66.864,  -66.840,  -66.909
   4.987,  -66.794,  -66.841,  -66.822
   4.990,  -66.782,  -66.871,  -66.788
   4.993,  -66.831,  -66.861,  -66.845
   4.996,  -66.795,  -66.835,  -66.865
   4.999,  -66.783,  -66.779,  -66.882
   5.002,  -66.781,  -66.772,  -66.891
   5.005,  -66.759,  -66.813,  -66.870
   5.008,  -66.695,  -66.779,  -66.802
   5.011,  -66.627,  -66.693,  -66.745
   5.014,  -66.630,  -66.628,  -66.746
   5.017,  -66.596,  -66.626,  -66.749
   5.020,  -66.547,  -66.646,  -66.794
   5.023,  -66.548,  -66.613,  -66.749
   5.026,  -66.613,  -66.615,  -66.653
   5.029,  -66.626,  -66.609,  -66.583
   5.032,  -66.545,  -66.575,  -66.556
   5.035,  -66.486,  -66.520,  -66.558
   5.038,  -66.517,  -66.536,  -66.525
   5.042,  -66.521,  -66.552,  -66.433
   5.045,  -66.492,  -66.513,  -66.364
   5.048,  -66.449,  -66.437,  -66.404
   5.051,  -66.376,  -66.420,  -66.422
   5.054,  -66.361,  -66.411,  -66.374
   5.057,  -66.318,  -66.345,  -66.351
   5.060,  -66.328,  -66.277,  -66.377
   5.063,  -66.351,  -66.267,  -66.366
   5.066,  -66.279,  -66.225,  -66.311
   5.069,  -66.189,  -66.176,  -66.277
   5.072,  -66.133,  -66.192,  -66.190
   5.075,  -66.107,  -66.148,  -66.164
   5.078,  -66.108,  -66.069,  -66.180
   5.081,  -66.096,  -66.078,  -66.148
   5.084,  -66.061,  -66.130,  -66.123
   5.087,  -66.081,  -66.073,  -66.101
   5.090,  -66.042,  -66.051,  -66.050
   5.093,  -65.987,  -66.067,  -65.979
   5.096,  -65.971,  -66.006,  -65.949
   5.099,  -65.974,  -65.936,  -65.936
   5.103,  -65.948,  -65.918,  -65.883
   5.106,  -65.864,  -65.893,  -65.879
   5.109,  -65.785,  -65.844,  -65.907
   5.112,  -65.776,  -65.823,  -65.903
   5.115,  -65.739,  -65.831,  -65.866
   5.118,  -65.719,  -65.776,  -65.788
   5.121,  -65.743,  -65.710,  -65.718
   5.124,  -65.740,  -65.707,  -65.713
   5.127,  -65.677,  -65.720,  -65.757
   5.130,  -65.591,  -65.678,  -65.791
   5.133,  -65.569,  -65.627,  -65.758
   5.136,  -65.562,  -65.586,  -65.695
   5.139,  -65.529,  -65.591,  -65.676
   5.142,  -65.529,  -65.548,  -65.663
   5.145,  -65.503,  -65.482,  -65.586
   5.148,  -65.423,  -65.530,  -65.516
   5.151,  -65.402,  -65.556,  -65.474
   5.154,  -65.408,  -65.446,  -65.435
   5.157,  -65.357,  -65.372,  -65.391
   5.161,  -65.342,  -65.338,  -65.326
   5.164,  -65.347,  -65.321,  -65.339
   5.167,  -65.314,  -65.310,  -65.399
   5.170,  -65.276,  -65.290,  -65.399
   5.173,  -65.258,  -65.241,  -65.270
   5.176,  -65.199,  -65.185,  -65.170
   5.179,  -65.179,  -65.139,  -65.147
   5.182,  -65.271,  -65.148,  -65.122
   5.185,  -65.261,  -65.112,  -65.107
   5.188,  -65.131,  -65.058,  -65.119
   5.191,  -65.054,  -65.077,  -65.120
   5.194,  -65.025,  -65.074,  -65.042
   5.197,  -64.981,  -65.025,  -64.958
   5.200,  -64.945,  -65.001,  -64.914
   5.203,  -64.972,  -64.999,  -64.965
   5.206,  -64.958,  -64.917,  -64.956
   5.209,  -64.937,  -64.840,  -64.907
   5.212,  -64.885,  -64.874,  -64.845
   5.215,  -64.873,  -64.834,  -64.809
   5.219,  -64.879,  -64.730,  -64.779
   5.222,  -64.804,  -64.738,  -64.703
   5.225,  -64.698,  -64.761,  -64.611
   5.228,  -64.681,  -64.707,  -64.631
   5.231,  -64.683,  -64.629,  -64.698
   5.234,  -64.678,  -64.626,  -64.699
   5.237,  -64.589,  -64.641,  -64.614
   5.240,  -64.542,  -64.602,  -64.556
   5.243,  -64.561,  -64.580,  -64.557
   5.246,  -64.502,  -64.546,  -64.497
   5.249,  -64.417,  -64.511,  -64.491
   5.252,  -64.393,  -64.477,  -64.490
   5.255,  -64.409,  -64.459,  -64.413
   5.258,  -64.389,  -64.450,  -64.348
   5.261,  -64.326,  -64.362,  -64.345
   5.264,  -64.275,  -64.265,  -64.348
   5.267,  -64.203,  -64.230,  -64.274
   5.270,  -64.177,  -64.265,  -64.232
   5.273,  -64.179,  -64.219,  -64.222
   5.276,  -64.182,  -64.146,  -64.178
   5.280,  -64.166,  -64.125,  -64.160
   5.283,  -64.137,  -64.136,  -64.204
   5.286,  -64.074,  -64.135,  -64.161
   5.289,  -64.065,  -64.108,  -64.085
   5.292,  -64.040,  -64.081,  -64.093
   5.295,  -63.974,  -64.045,  -64.042
   5.298,  -63.938,  -63.965,  -63.973
   5.301,  -63.905,  -63.902,  -63.967
   5.304,  -63.848,  -63.911,  -63.945
   5.307,  -63.804,  -63.921,  -63.918
   5.310,  -63.765,  -63.854,  -63.937
   5.313,  -63.745,  -63.737,  -63.912
   5.316,  -63.765,  -63.729,  -63.836
   5.319,  -63.761,  -63.760,  -63.786
   5.322,  -63.719,  -63.733,  -63.742
   5.325,  -63.629,  -63.687,  -63.672
   5.328,  -63.586,  -63.594,  -63.614
   5.331,  -63.574,  -63.534,  -63.590
   5.334,  -63.564,  -63.545,  -63.573
   5.338,  -63.550,  -63.553,  -63.562
   5.341,  -63.511,  -63.526,  -63.544
   5.344,  -63.438,  -63.497,  -63.562
   5.347,  -63.354,  -63.476,  -63.555
   5.350,  -63.312,  -63.415,  -63.543
   5.353,  -63.380,  -63.302,  -63.529
   5.356,  -63.419,  -63.294,  -63.479
   5.359,  -63.358,  -63.294,  -63.392
   5.362,  -63.299,  -63.260,  -63.313
   5.365,  -63.248,  -63.230,  -63.222
   5.368,  -63.159,  -63.167,  -63.172
   5.371,  -63.144,  -63.109,  -63.120
   5.374,  -63.129,  -63.113,  -63.105
   5.377,  -63.047,  -63.129,  -63.119
   5.380,  -63.052,  -63.112,  -63.112
   5.383,  -63.074,  -63.114,  -63.134
   5.386,  -63.035,  -63.058,  -63.138
   5.389,  -63.013,  -62.981,  -63.105
   5.392,  -62.992,  -62.945,  -63.074
   5.396,  -62.936,  -62.992,  -63.010
   5.399,  -62.939,  -62.977,  -62.950
   5.402,  -62.934,  -62.946,  -62.916
   5.405,  -62.921,  -62.896,  -62.855
   5.408,  -62.878,  -62.795,  -62.781
   5.411,  -62.786,  -62.770,  -62.751
   5.414,  -62.731,  -62.788,  -62.773
   5.417,  -62.715,  -62.746,  -62.809
   5.420,  -62.668,  -62.701,  -62.802
   5.423,  -62.669,  -62.723,  -62.783
   5.426,  -62.650,  -62.695,  -62.746
   5.429,  -62.604,  -62.617,  -62.686
   5.432,  -62.559,  -62.588,  -62.619
   5.435,  -62.485,  -62.616,  -62.606
   5.438,  -62.504,  -62.600,  -62.546
   5.441,  -62.539,  -62.462,  -62.484
   5.444,  -62.467,  -62.409,  -62.459
   5.447,  -62.433,  -62.449,  -62.455
   5.450,  -62.446,  -62.456,  -62.459
   5.453,  -62.404,  -62.388,  -62.472
   5.457,  -62.346,  -62.317,  -62.480
   5.460,  -62.354,  -62.292,  -62.398
   5.463,  -62.350,  -62.310,  -62.299
   5.466,  -62.332,  -62.318,  -62.325
   5.469,  -62.345,  -62.302,  -62.406
   5.472,  -62.326,  -62.271,  -62.368
   5.475,  -62.262,  -62.214,  -62.314
   5.478,  -62.225,  -62.212,  -62.286
   5.481,  -62.205,  -62.210,  -62.278
   5.484,  -62.149,  -62.161,  -62.259
   5.487,  -62.111,  -62.209,  -62.203
   5.490,  -62.086,  -62.208,  -62.133
   5.493,  -62.045,  -62.102,  -62.119
   5.496,  -62.013,  -62.062,  -62.131
   5.499,  -62.015,  -62.061,  -62.058
   5.502,  -62.018,  -62.079,  -62.065
   5.505,  -62.018,  -62.039,  -62.081
   5.508,  -62.030,  -61.982,  -62.042
   5.511,  -62.046,  -61.964,  -62.032
   5.515,  -62.011,  -61.935,  -62.038
   5.518,  -61.943,  -61.976,  -62.039
   5.521,  -61.931,  -61.966,  -62.052
   5.524,  -61.959,  -61.875,  -61.978
   5.527,  -61.975,  -61.858,  -61.877
   5.530,  -61.912,  -61.909,  -61.781
   5.533,  -61.862,  -61.911,  -61.754
   5.536,  -61.830,  -61.868,  -61.797
   5.539,  -61.765,  -61.854,  -61.807
   5.542,  -61.714,  -61.866,  -61.809
   5.545,  -61.769,  -61.901,  -61.822
   5.548,  -61.784,  -61.878,  -61.767
   5.551,  -61.745,  -61.786,  -61.720
   5.554,  -61.785,  -61.750,  -61.744
   5.557,  -61.795,  -61.745,  -61.756
   5.560,  -61.712,  -61.727,  -61.782
   5.563,  -61.685,  -61.682,  -61.745
   5.566,  -61.685,  -61.688,  -61.725
   5.569,  -61.722,  -61.678,  -61.693
   5.573,  -61.742,  -61.627,  -61.641
   5.576,  -61.726,  -61.605,  -61.654
   5.579,  -61.722,  -61.638,  -61.641
   5.582,  -61.708,  -61.647,  -61.630
   5.585,  -61.666,  -61.660,  -61.628
   5.588,  -61.561,  -61.599,  -61.621
   5.591,  -61.506,  -61.504,  -61.562
   5.594,  -61.526,  -61.533,  -61.553
   5.597,  -61.537,  -61.538,  -61.540
   5.600,  -61.528,  -61.520,  -61.497
   5.603,  -61.532,  -61.566,  -61.512
   5.606,  -61.544,  -61.571,  -61.588
   5.609,  -61.517,  -61.563,  -61.610
   5.612,  -61.520,  -61.563,  -61.594
   5.615,  -61.542,  -61.541,  -61.608
   5.618,  -61.573,  -61.544,  -61.583
   5.621,  -61.484,  -61.553,  -61.514
   5.624,  -61.455,  -61.509,  -61.520
   5.627,  -61.494,  -61.456,  -61.551
   5.630,  -61.473,  -61.435,  -61.563
   5.634,  -61.445,  -61.478,  -61.557
   5.637,  -61.460,  -61.531,  -61.533
   5.640,  -61.453,  -61.545,  -61.543
   5.643,  -61.451,  -61.557,  -61.611
   5.646,  -61.437,  -61.579,  -61.622
   5.649,  -61.406,  -61.539,  -61.595
   5.652,  -61.402,  -61.484,  -61.530
   5.655,  -61.435,  -61.472,  -61.493
   5.658,  -61.434,  -61.471,  -61.478
   5.661,  -61.398,  -61.447,  -61.495
   5.664,  -61.395,  -61.487,  -61.508
   5.667,  -61.427,  -61.551,  -61.470
   5.670,  -61.426,  -61.503,  -61.481
   5.673,  -61.459,  -61.463,  -61.498
   5.676,  -61.519,  -61.479,  -61.521
   5.679,  -61.511,  -61.415,  -61.525
   5.682,  -61.488,  -61.338,  -61.454
   5.685,  -61.460,  -61.383,  -61.474
   5.688,  -61.423,  -61.486,  -61.538
   5.692,  -61.419,  -61.509,  -61.514
   5.695,  -61.422,  -61.483,  -61.432
   5.698,  -61.377,  -61.468,  -61.417
   5.701,  -61.377,  -61.466,  -61.462
   5.704,  -61.388,  -61.535,  -61.514
   5.707,  -61.393,  -61.558,  -61.475
   5.710,  -61.435,  -61.513,  -61.437
   5.713,  -61.468,  -61.442,  -61.421
   5.716,  -61.506,  -61.444,  -61.409
   5.719,  -61.542,  -61.450,  -61.485
   5.722,  -61.559,  -61.492,  -61.528
   5.725,  -61.524,  -61.521,  -61.505
   5.728,  -61.510,  -61.542,  -61.480
   5.731,  -61.515,  -61.545,  -61.457
   5.734,  -61.574,  -61.542,  -61.473
   5.737,  -61.618,  -61.566,  -61.496
   5.740,  -61.561,  -61.573,  -61.480
   5.743,  -61.513,  -61.536,  -61.471
   5.746,  -61.502,  -61.521,  -61.535
   5.750,  -61.462,  -61.525,  -61.585
   5.753,  -61.501,  -61.557,  -61.557
